0.914
0.934
0.923
0.936
0.922
0.929
0.928
0.926
0.934
0.915
0.928
0.94
0.936
0.932
0.929
0.928
0.941
0.932
0.93
0.923
0.92
0.927
0.912
0.919
0.926
0.931
0.933
0.922
0.927
0.913
0.929
0.937
0.921
0.929
0.927
0.929
0.935
0.929
0.928
0.927
0.924
0.936
0.928
0.931
0.919
0.937
0.93
0.939
0.932
0.929
0.924
0.927
0.924
0.929
0.926
0.924
0.919
0.923
0.927
0.927
0.923
0.927
0.931
0.922
0.932
0.918
0.929
0.936
0.913
0.932
0.927
0.935
0.933
0.928
0.928
0.925
0.924
0.927
0.927
0.93
0.92
0.922
0.928
0.919
0.924
0.937
0.924
0.923
0.932
0.931
0.923
0.923
0.929
0.932
0.928
0.927
0.923
0.931
0.933
0.932
0.917
0.921
0.924
0.933
0.921
0.927
0.911
0.928
0.926
0.925
0.933
0.926
0.927
0.939
0.924
0.927
0.928
0.927
0.929
0.929
0.93
0.922
0.925
0.929
0.92
0.918
0.926
0.921
0.924
0.935
0.92
0.921
0.925
0.92
0.925
0.928
0.931
0.932
0.917
0.927
0.924
0.935
0.925
0.927
0.927
0.927
0.929
0.932
0.921
0.925
0.927
0.929
0.93
0.93
0.924
0.933
0.929
0.929
0.922
0.93
0.934
0.923
0.919
0.923
0.929
0.925
0.919
0.93
0.933
0.922
0.93
0.932
0.914
0.928
0.928
0.919
0.915
0.923
0.93
0.934
0.92
0.929
0.922
0.928
0.934
0.928
0.933
0.928
0.929
0.929
0.922
0.927
0.931
0.928
0.924
0.933
0.923
0.931
0.928
0.918
